0	0	0	0	0	0	0	0	0	0	0	0	0	0.0000000000000000000000000000000000000000000000000000000000000000000000000000000000000000000000000000000000000000000000660104941053083	0.0000000000000000000000000000000000000000000000000000000000000000000000000000000000000000000000000000000000000000000000130272926568518	0.0000000000000000000000000000000000000000000000000000000000000000000000000000000000000000000000000000000000000000000000000430745448892883
0	0	0	0	0	0	0	0	0	0	0	0	0	0.000000000000000000000000000000000000000000000000000000000000000000000000000000000000000000000000000000000000000000000000190081119580656	0.000000000000000000000000000000000000000000000000000000000000000000000000000000000000000000000000000000000000000000000000000000307957216628573	0.000000000000000000000000000000000000000000000000000000000000000000000000000000000000000000000000000000000000000000000000443880354174959
0	0	0.0000000000000000000000000000000000000000000000000000199863753518673	0.0000000000000000000000000000000000000000000000000000000000000000000000000000033668131130938	0.0000000000000000000000000000000000000000000000000000000000000000000000000131220634624002	0.00000000000000000000000000000000000000000000000000000000000000000000653583573848125	0.0000000000000000000000000000000000000000000000000000479351054445265	0.000000000000000000000000000000000000000000000000000427580011136948	0.00000000000000000000000000000000000000000000000000910839837706627	0.0000000000000000000000000000000000000000000000000000000346897593811054	0.00000000000000000000000000000000000000000000000000000000063868949902639	0.000000000000000000000000000000000000000000000000000000000251189351318634	0.00000000000000000000000000000000000000000000000000000000000000000000000000000296879078457145	0.000000000000000000000000000000000000000000000000000000000000000000000000000000000576957842539527	0.0000000000000000000000000000000000000000000000000000000000000000000000000000000000000000000000000000018194558580024	0.0000000000000000000000000000000000000000000000000000000000000000000000000000000000000000000000000000000000000000000000000000000000000000000298807003052722
0	0	0.0060345213897758	0.671160398110148	0.551390533510367	0.115222318919404	0.116408224983633	0.15394314672378	0.153225813902291	0.0187330737999898	0.105250136162865	0.0508567669106301	0.00119192502929761	0.00000839855476257621	0.00000000000000000000000000000000000000000000000000000000000000000858064721837361	0.0000000000000000000000000000000000000000000000000000000000000000000000000000000232651702093589
0	0	0.000000000000000000000000000000017334848882094	0.263115378804666	0.584023277001296	0.216600842087647	0.275779070366776	0.361482994639991	0.282418663569374	0.273377965726924	0.130988376739391	0.075332186196038	0.00536186042267972	0.0000039768971707595	0.00000146392807928105	0.000000000000000000000000000000000000000000000000000000000000000000000000000000000000000173767917052774
0	0	0.00321308452299784	0.0593284800206203	0.594976194877301	0.642270666896223	0.52836364222889	0.505795284629203	0.367802049073728	0.539022398942882	0.267491756266684	0.177908060087133	0.0194468187505491	0.000025156975817154	0.00000762543251668013	0.0000000000000000000000000000000000000000000000000000000000000000000000000000000000000000402993038795065
0	0	0.0368240974138756	0.13944931739368	0.43726808781052	0.584573499498952	1.10022732941467	0.733277417681331	1.05559333491216	0.358308686473494	0.365406396644686	0.0674390795147138	0.0229353526263901	0.00000638157709736816	0.000000000000000000000000000000000000000000448297397372597	0.00000000000000000000000000000000000000000000000000000000000165757147741539
0	0	0.0000000000000000000000000000000000000202501588909673	0.207363377472295	0.171023131618209	0.218846962344136	0.305923909158112	0.85069919502733	0.785155706167065	0.364718826831156	0.317112281898174	0.109082672698054	0.00460374329381025	0.00000147300075254059	0.00000147502363443174	0.000000000000000000000000000000000000000000000000000000000000000000000487542227653278
0	0	0.0000000000000000287009380469373	0.323196974582169	0.601653387682866	0.348332221846587	0.211879373662372	0.591483645192654	0.531412855608036	0.792895892482507	0.319794280309441	0.0937673161951492	0.00617125376681925	0.00000551478770195012	0.00000206964846849592	0.000012538337236287
0	0	0.00665843101326887	0.133895929884167	0.172471074212248	0.395867965434704	0.425289588405084	0.70108950830599	0.77919496170058	0.582594878675195	0.363626490813675	0.192410382912936	0.00978575117885056	0.00000442345334155084	0.000000992583467803945	0.00000000000000000898619775824173
0	0	0.00000000000000000000000000471978673385746	0.0785675069585213	0.365842870539952	0.383155091399151	0.314648438717642	0.450705176672084	0.684702851378304	0.824412960095633	0.530585854438957	0.364194673766183	0.0129588721878328	0.00000636846450260943	0.00000382501651025788	0.00000640955160213688
0	0	0.00341234088881305	0.0519721181928658	0.115598314768552	0.175479514567471	0.271684570333099	0.239593233012325	0.44974999329547	0.398201101724487	0.230523691510051	0.130278346650269	0.013411868098033	0.00000226317796937781	0.0000000000000000000000108939679202319	0.00000219711616567547
0	0	0.000761142998325526	0.00790594507399781	0.0133938176422585	0.017959664918913	0.0222845776442077	0.0310101060471673	0.026674410354486	0.00975328019685977	0.0203489731621556	0.0158418897984759	0.000889797845928499	0.0000208854187342039	0.000000000000000000000143362739191338	0.0000045149808223259
0.00000000000000000000000000000000000000000261341092847102	0.0000000000000000000000000000000000000000000000000000000807673820244348	0.0000350827890269132	0.000035320403895544	0.0000250169676008247	0.0000452614576176304	0.0000552323478834917	0.0000251390295511611	0.0000354323110040321	0.0000953853982950044	0.000135693061552603	0.0000453809329971089	0.0000755235841958401	0.00000555499868623182	0.0000152909149321302	0.0000356249424729526
0.00000000000000000000000000000000000000000000000000000000000000000000000000000000000000000000000000000000000000000000000000000000000000000000000000000000159293046522396	0.000000000000000000000000000000000000000000000000000000000000000000000000000000000000000000000000000000000000000000000011318152717958	0.000000000000000000000000000000000000000000000000000000000000000000000000000000000000000000481440776244057	0.00000000000000000000000000000000000000000000000000000000000000129143638290273	0.00039982131931207	0.000000000000000000000000000000000000000000000000000000000234539954145139	0.0000000000000000000000000000000000000000000000000000000000000000208921241911013	0.0000000000000000000000000000000000000000000000000000000000000413585583828139	0.0000000000000000000000000000000000000000000000000000386383456283053	0.00000000000000000000000000000000000000000000000000175437170471223	0.0000910663300267786	0.0000914881397458879	0.0000000000000000000000000000000000000000000000000000000150279953689577	0.000000000000000000000000000000000000000423154308648671	0.0000000000000000000000000000000000000000000000000178071697900682	0.0000913166536312774
0.0000000000000000000000000000000000000000000000000000000000000000000000000000000000000000000000000000000000000000000000000000000000000000000000553484253938156	0.0000000000000000000000000000000000000000000000000000000000000000000000000000000000000000000000000000000000000000000000000000462209724041713	0.000000000000000000000000000000000000000000000000000000000000000000000000000000000000000000000000000000000000000000000000297051686496145	0.00000000000000000000000000000000000000000000000000000000000000000000000000000441097710245078	0.00000000000000000000000000000000000000000000000000000000000000000000000000000000000000311341245842684	0.00000000000000000000000000000000000000000000000000000000000000000000000000000000000000000707966291593109	0.0000000000000000000000000000000000000000000000000000000000000000000000000000000000000000000000000000000000000000149592311980366	0.0000000000000000000000000000000000000000000000000000000000000000000000000000000000000000000000000000000000000000000000000111626194366749	0.000000000000000000000000000000000000000000000000000000000000000000000000000000000000000000000000000000000000000000000000000557153520455664	0.0000000000000000000000000000000000000000000000000000000000000000000000000000000000000000000000286719372968182	0.0000000000000000000000000000000000000000000000000000000000000000000034666591190899	0.000000000000000000000000000000000000000000000000000000000000000000649351941443817	0.00000000000000000000000000000000000000000000000000000000000000000000000000000000000000000000000000000000000000052303327998441	0.00000000000000000000000000000000000000000000000000000000000000000000000000000000000000000000000000000000000000000000000000000000000000000232328521922438	0.0000000000000000000000000000000000000000000000000000000000000000000000000000000000000000000000000000000000000140088216535397	0.0000000000000000000000000000000000000000000000000000000000000000000000000000000000000000000000000166943980333095
