0	0	0	0	0	0	0	0	0	0	0	0	0	0.000000000000000000000000000000000000000000000000000000000000000000000000000000000000000000000000000000000000000000000000000184898878977163	0.000000000000000000000000000000000000000000000000000000000000000000000000000000000000000000000000000000000000000000000806268674726973	0.0000000000000000000000000000000000000000000000000000000000000000000000000000000000000000000000000000000000000000000000000000151029527127198
0	0	0	0	0	0	0	0	0	0	0	0	0	0.000000000000000000000000000000000000000000000000000000000000000000000000000000000000000000000000000000000000499018009594668	0.00000000000000000000000000000000000000000000000000000000000000000000000000000000000000000000000000000000000000000000000000000000000344591393118895	0.000000000000000000000000000000000000000000000000000000000000000000000000000000000000000000000000000000000000000000000000000000000000012686343535809
0	0	0.0170706523767738	0.000000000000000000000000000000000000000000000000000000000339774260584669	0.000000000000000000000000000000000000000000000000000000521109185155628	0.0000000000000000000000000000000000000000000000000000000000000177192380059167	0.103290433865697	0.0000000000000000000000000000000000000000196122420871325	0.0390287364320286	0.0000000000000000000000000000000000000000000197799358688717	0.0000000000000000000000000000000000000000159467900948358	0.0000000000000000000000000000000000000000000000390846628771991	0.000000000000000000000000000000000000000000000000000167090788736332	0.000000000000000000000000000000000000000000000000000000000000000000305322326929891	0.00000000000000000000000000000000000000000000000000000000000000000000000000000000000000000000000000000000457147849971813	0.0000000000000000000000000000000000000000000000000000000000000000000000000000000000000000171364810637443
0	0	0.0111260263197355	1.08280649494171	0.866967625715032	0.277814212693002	0.107287815909062	0.28142007363017	0.151004084864807	0.48284608777337	0.322855848058096	0.0617464937288781	0.0170700124559193	0.00000994370020391978	0.0000036713854690902	0.00000000000000000000000000000000000000000000000000000000000232484156319968
0	0	0.0201011379922468	0.437985949646025	0.640587498178678	0.709850066348469	0.557489171090187	0.712702933423644	0.350716588806749	0.371190606101856	0.17378522409021	0.162704445162074	0.0188254228129505	0.0000103983436359538	0.000000000000000000000000377157951529502	0.00000628788787966222
0	0	0.00874447054338436	0.487143167518447	0.613381662318896	0.836808080956341	0.76688322187669	0.623447246362513	0.947190891668226	0.539282640639202	0.549818808339241	0.0905871443825841	0.0223459465655562	0.0000310746660770031	0.0000216644120521715	0.000000000000000000000000000000000000000000000305975144151438
0	0	0.0484246852485481	0.0984231313567987	0.592950691430927	0.626772329427509	0.646893403090328	1.04522455217372	0.581682803946904	0.687889558700954	0.270550440882873	0.214812973235756	0.0180432671420376	0.0000116738784785924	0.0000017822109904415	0.0000000000000000215436356724877
0	0	0.0187403399446648	0.327483491160543	0.366842832877554	0.591763122425379	0.53631376484374	0.702885833997567	0.624741019346362	0.660862381407472	0.523040166769098	0.19360927759223	0.00790879434805562	0.00000588071945799124	0.00000926733449319933	0.00000930126147718121
0	0	0.00558367043406039	0.229767121838105	0.392219792922975	0.533086776778536	0.551139706454726	0.830081835049955	0.87750395266874	0.768856044367798	0.349715760567403	0.249994837874422	0.0245716729495427	0.0000136056185300704	0.00000458282152945416	0.00000459779025000741
0	0	0.263051547045695	0.280066640211611	0.393355529556269	0.757348378128057	0.756714422824051	0.67908905322174	0.849060790487519	1.04442895776456	0.424243494810306	0.194960631950391	0.0298059949353862	0.0000132082458972173	0.0000171616271076249	0.00000585947580500346
0	0	0.00000000000000000174585025658932	0.000000000000000000000000000000205215850726096	0.121657066490133	0.425861003113644	0.472693449950639	0.475417257283076	0.881593841120165	0.517705522993054	0.415224535018594	0.156205346551065	0.0537668688510359	0.0000268951406169362	0.0000264826386626471	0.0000343401105837478
0	0	0.00537184378178853	0.0858035375250985	0.329750961587392	0.357451427298841	0.312520128021075	0.249804091915582	0.29284605055047	0.327971963514614	0.295271254896179	0.140112624784599	0.0134526516050244	0.00000268206223077181	0.0000179208323142844	0.000000000000000000111046250440002
0	0	0.00000000000000000000000000000000000000000000000000000000000000131286158934059	0.00000000000000000000000000000670806763107106	0.0317184607919511	0.0674302678369454	0.0318002325080954	0.0884916617658041	0.0748812045299149	0.0521685925548774	0.0592572568181118	0.0419842466573758	0.0020352941449309	0.00000000000000000673992976308923	0.00000466686893349018	0.00000452861395277831
0.00000000000000000000000000000000000000000000000000000000000000000000000000000000000000000000000000000000000000258407180665449	0.000000000000000000000000000000000000000000000000000000000000000000000000000000000000000000000000000000000000000000000000000000000739195225133089	0.00000000000000000000000000000000000000000000000000000000000000000000000000000000000000533140539147889	0.0000378777949296272	0.000062255427205893	0.0000871080864412178	0.0000624939435307898	0.0000379228315938672	0.0000874563517563418	0.0000381468121035722	0.0000626557947014679	0.0000879220664752332	0.0000620688566635337	0.000013647546231773	0.0000377998670195259	0.0000000000000000000000000000000000000000000000198536121541819
0.0000000000000000000000000000000000000000000000000000000000000000000000000000000000000000000000000000000000000000000000000000025063994412591	0.00000000000000000000000000000000000000000000000000000000000000000000000000000000000000000000000000000000000000000000000000000000000000299924183425482	0.0000000000000000000000000000000000000000000000000000000000000000000000000000000000000000121230989133267	0.000000000000000000000000000000000000000000000000000000000000000000000979382617216921	0.00000000000000000000000000000000000000000000000000000000000000000530156996621059	0.0000000000000000000000000000000000000000000000000000000000000000131128122587732	0.00000000000000000000000000000000000000000000000000000000000000871796045046844	0.000000000000000000000000000000000000000000000000000000000000000000000246221075182956	0.00000000000000000000000000000000000000000000000000000000000000000000042226574708924	0.000000000000000000000000000000000000000000000000000000000000000000000000000000000158532168705155	0.0000000000000000000000000000000000000000000000000000000000000000000000000000000000000140541939266462	0.000000000000000000000000000000000000000000000000000000000000000000000000000000000000117749351817525	0.000000000000000000000000000000000000000000000000000000000000000000202031502079467	0.00000000000000000000000000000000000000000000000000000000000000000550642577651922	0.00000000000000000000000000000000000000000000000000000000000000000000000000000000000000202545953165668	0.0000000000000000000000000000000000000000000000000000000000000000000000000000000000000000110077205618885
0.00000000000000000000000000000000000000000000000000000000000000000000000000000000000000000000000000000000000000000000000004270867916156	0.0000000000000000000000000000000000000000000000000000000000000000000000000000000000000000000000000000000000000000000000844726024045623	0.00000000000000000000000000000000000000000000000000000000000000000000000000000000000000000000000000000000000000000000000000000000000000000793527187724581	0.0000000000000000000000000000000000000000000000000000000000000000000000000000000000000000000000000000000241833942062504	0.00000000000000000000000000000000000000000000000000000000000000000000000000000000000000000000000000000000000000000000000000000145250089580766	0.00000000000000000000000000000000000000000000000000000000000000000000000000000000000000000000000000000000000000000000189014730212018	0.0000000000000000000000000000000000000000000000000000000000000000000000000000000000000000000000000000000000000000000000902173256031382	0.00000000000000000000000000000000000000000000000000000000000000000000000000000000000000000000000000000000000000000445637903279656	0.000000000000000000000000000000000000000000000000000000000000000000000000000000000000000000000000000200246187156867	0.000000000000000000000000000000000000000000000000000000000000000000000000000000000000000000000000000000000000000000501682766939848	0.0000000000000000000000000000000000000000000000000000000000000000000000000000000000000000000000000000000000000000000000000000000000173033586552773	0.0000000000000000000000000000000000000000000000000000000000000000000000000000000000000000000000000000238801925647838	0.000000000000000000000000000000000000000000000000000000000000000000000000000000000000000000000000000000000000000000290450713762534	0.000000000000000000000000000000000000000000000000000000000000000000000000000000000000000000000000000000000581582549391666	0.00000000000000000000000000000000000000000000000000000000000000000000000000000000000000000000000000000123483719821905	0.0000000000000000000000000000000000000000000000000000000000000000000000000000000000000000000000000000000000000000000000000000000000000000000000000000602725793734212
